Performance Statistics:------------------------------------------------------------------------
Training Accuracy	Testing Accuracy	Training Coverage	Testing Coverage
0.57958984375	NA	0.9443359375	NA

Population Characterization:------------------------------------------------------------------------
MacroPopSize	MicroPopSize	Generality
67	72	0.5037878787878789

SpecificitySum:------------------------------------------------------------------------
A_0	A_1	A_2	R_0	R_1	R_2	R_3	R_4	R_5	R_6	R_7
52	40	35	27	42	36	36	27	34	30	34

AccuracySum:------------------------------------------------------------------------
A_0	A_1	A_2	R_0	R_1	R_2	R_3	R_4	R_5	R_6	R_7
42.56798941798942	32.915608465608464	31.283333333333335	22.452380952380953	35.64523809523809	29.8	31.633333333333333	22.566666666666666	30.9	25.635714285714286	29.7

Run Time(in minutes):------------------------------------------------------------------------
Global Time	1.0406218806902567
Matching Time	0.00019298791885375978
Deletion Time	3.4968058268229165e-06
Subsumption Time	0.05225268602371216
Selection Time	9.953975677490234e-06
Evaluation Time	0.013461379210154216

CorrectTrackerSave:------------------------------------------------------------------------
1	1	1	1	1	1	1	1	1	1	1	1	1	1	1	1	1	1	1	1	0	0	1	1	0	0	1	0	1	1	0	1	1	1	1	1	0	1	1	1	0	1	0	0	1	0	1	0	1	0	1	1	1	1	1	1	0	0	1	1	1	1	1	1	1	1	1	0	0	0	1	0	0	1	1	0	1	1	1	1	0	1	1	1	0	0	1	0	0	1	1	0	1	1	1	1	1	1	1	1	