Performance Statistics:------------------------------------------------------------------------
Training Accuracy	Testing Accuracy	Training Coverage	Testing Coverage
1.0	NA	1.0	NA

Population Characterization:------------------------------------------------------------------------
MacroPopSize	MicroPopSize	Generality
471	1000	0.6292727272727262

SpecificitySum:------------------------------------------------------------------------
A_0	A_1	A_2	R_0	R_1	R_2	R_3	R_4	R_5	R_6	R_7
634	703	676	271	258	280	262	234	263	261	236

AccuracySum:------------------------------------------------------------------------
A_0	A_1	A_2	R_0	R_1	R_2	R_3	R_4	R_5	R_6	R_7
563.4214347613912	621.5835575582632	597.4071907005598	227.49340603586495	214.07366244609307	236.95190183547314	219.13695039707255	195.30843872890847	219.90410280083273	217.6002176389061	196.8906435000224

Run Time(in minutes):------------------------------------------------------------------------
Global Time	0.18576172192891438
Matching Time	0.08016192515691122
Deletion Time	0.030352282524108886
Subsumption Time	0.01737758715947469
Selection Time	0.0023435473442077635
Evaluation Time	0.03628635803858439

CorrectTrackerSave:------------------------------------------------------------------------
1	1	1	1	1	1	1	1	1	1	1	1	1	1	1	1	1	1	1	1	1	1	1	1	1	1	1	1	1	1	1	1	1	1	1	1	1	1	1	1	1	1	1	1	1	1	1	1	1	1	1	1	1	1	1	1	1	1	1	1	1	1	1	1	1	1	1	1	1	1	1	1	1	1	1	1	1	1	1	1	1	1	1	1	1	1	1	1	1	1	1	1	1	1	1	1	1	1	1	1	